rooted.tree<-c("(((H:0.00402,C:0.00402):0.00304,G:0.00707):0.00929,O:0.01635):0;","(((H:0.00201,C:0.00201):0.00202,G:0.00402):0.00783,O:0.01185):0;")


